   2083333.3333333333        1174829137.4200692        4790724466.4182720     
   6250000.0000000000        485570544.10976309        5939145320.8420067     
   10416666.666666666        308070435.69107336        6280047861.3378658     
   14583333.333333334        222978490.23026556        6363582861.1376934     
   18750000.000000000        172380434.42953539        6325140676.1015015     
   22916666.666666668        138686803.43435654        6219665158.9668236     
   27083333.333333332        114615191.39173400        6074694001.6749668     
   31249999.999999996        96571448.367294565        5905799088.8423090     
   35416666.666666664        82565446.548210010        5722499669.6338072     
   39583333.333333328        71401357.521621689        5530934141.1340170     
   43750000.000000000        62315257.012895368        5335216232.1088753     
   47916666.666666664        54795271.300880015        5138178622.0464640     
   52083333.333333328        48485039.806573212        4941809475.6982689     
   56250000.000000000        43128566.840393171        4747521995.8205147     
   60416666.666666672        38537069.409564145        4556326592.6233540     
   64583333.333333328        34568205.043601371        4368945832.4508610     
   68749999.999999985        31112579.871717967        4185892584.0143242     
   72916666.666666657        28084718.654884186        4007524798.0151982     
   77083333.333333328        25416859.920768000        3834084673.8976049     
   81250000.000000000        23054591.777751185        3665726931.5185122     
   85416666.666666672        20953721.656594977        3502539821.9300632     
   89583333.333333328        19077989.299454853        3344560838.2008948     
   93750000.000000000        17397368.269320726        3191788495.0962043     
   97916666.666666657        15886787.046133455        3044191424.1297040     
   102083333.33333333        14525152.577169115        2901715314.6078105     
   106250000.00000000        13294596.399443815        2764288363.9944024     
   110416666.66666667        12179885.436599538        2631825430.9624572     
   114583333.33333333        11167958.013587421        2504231435.3128419     
   118750000.00000000        10247553.788983334        2381403887.8104777     
   122916666.66666666        9408917.1625471953        2263234987.3504858     
   127083333.33333333        8643557.0866717417        2149613234.9476252     
   131249999.99999999        7944051.3409889648        2040424717.2969577     
   135416666.66666666        7303885.9260034598        1935554120.1120207     
   139583333.33333331        6717322.4874283811        1834885544.0125959     
   143750000.00000000        6179288.0958274994        1738303119.8827703     
   147916666.66666666        5685283.2638539309        1645691512.3793666     
   152083333.33333331        5231304.6690440951        1556936300.4505556     
   156250000.00000000        4813779.9910974819        1471924279.9654956     
   160416666.66666666        4429512.6618200578        1390543691.5015273     
   164583333.33333334        4075634.8460772429        1312684396.2092113     
   168750000.00000000        3749567.2526300843        1238238005.4040115     
   172916666.66666666        3448984.6482509924        1167097975.0917842     
   177083333.33333334        3171786.1671116389        1099159675.1925845     
   181250000.00000000        2916069.6484289779        1034320434.1235424     
   185416666.66666669        2680109.3911184305        972479568.33579147     
   189583333.33333334        2462336.7983502792        913538395.70871782     
   193749999.99999997        2261323.4895126796        857400237.16825807     
   197916666.66666666        2075766.5281408513        803970411.98985243     
   202083333.33333331        1904475.4491721855        753156221.88354290     
   206250000.00000000        1746360.8547543404        704866933.31617033     
   210416666.66666666        1600424.3438567580        659013751.47849143     
   214583333.33333331        1465749.6130396957        615509792.85477984     
   218750000.00000000        1341494.5638811113        574270053.94911754     
   222916666.66666666        1226884.2908744675        535211377.48447293     
   227083333.33333334        1121204.8376159589        498252417.24671888     
   231250000.00000000        1023797.6284408986        463313603.01259565     
   235416666.66666666        934054.49184644176        430317105.65730482     
   239583333.33333334        851413.20214401139        399186801.86655480     
   243750000.00000000        775353.48590666184        369848242.35279411     
   247916666.66666666        705393.43046974845        342228619.83730757     
   252083333.33333331        641086.25381422124        316256739.50682294     
   256249999.99999997        582017.39660266775        291862993.01264858     
   260416666.66666666        527801.89979057561        268979335.80567747     
   264583333.33333331        478082.03901341138        247539269.03879073     
   268750000.00000000        432525.18234622269        227477823.25385171     
   272916666.66666669        390821.85052366409        208731545.42263296     
   277083333.33333331        352683.95898524567        191238489.58556870     
   281250000.00000000        317843.22402454232        174938211.92245722     
   285416666.66666669        286049.71991834702        159771772.07733962     
   289583333.33333331        257070.56731301939        145681738.35202661     
   293750000.00000000        230688.73864874622        132612195.95993556     
   297916666.66666669        206701.96719583633        120508757.24623828     
   302083333.33333331        184921.74996963155        109318574.08173396     
   306250000.00000000        165172.43707267448        98990353.193628713     
   310416666.66666669        147290.39625248921        89474372.699687555     
   314583333.33333337        131123.24488358808        80722499.274360999     
   318750000.00000000        116529.14176443686        72688204.977306470     
   322916666.66666669        103376.13273684982        65326583.556727804     
   327083333.33333331        91541.545606816930        58594366.212255247     
   331249999.99999994        80911.429519322002        52449936.598334193     
   335416666.66666663        71380.032447840000        46853343.431648709     
   339583333.33333331        62849.312572329043        41766310.028011642     
   343750000.00000000        55228.478882978394        37152239.623899475     
   347916666.66666663        48433.558941315459        32976216.682523876     
   352083333.33333331        42386.990915293420        29205003.812209655     
   356250000.00000000        37017.238640252988        25807034.745686889     
   360416666.66666663        32258.426850049451        22752402.731241323     
   364583333.33333331        28049.994908707857        20012844.274739716     
   368750000.00000000        24336.366797094193        17561717.674062923     
   372916666.66666663        21066.636148447873        15373976.373786619     
   377083333.33333331        18194.264980746386        13426137.049014168     
   381250000.00000000        15676.796060081817        11696243.087421682     
   385416666.66666669        13475.577861347068        10163823.515893407     
   389583333.33333331        11555.501794326436        8809847.8297739383     
   393750000.00000000        9884.7510019663732        7616676.8636576748     
   397916666.66666669        8434.5603164991735        6568010.0790100405     
   402083333.33333331        7178.9873751725308        5648829.8783132974     
   406250000.00000000        6094.6951760125157        4845343.8237645971     
   410416666.66666669        5160.7461553670273        4144925.4619619930     
   414583333.33333331        4358.4074521092170        3536054.1594729945     
   418750000.00000000        3670.9667160784820        3008254.0480630691     
   422916666.66666669        3083.5577858034690        2552032.1257440946     
   427083333.33333337        2582.9957576756369        2158815.6806019987     
   431250000.00000000        2157.6214479655496        1820889.5705534525     
   435416666.66666663        1797.1555161531671        1531334.1265473284     
   439583333.33333331        1492.5624389971424        1283964.3949797696     
   443749999.99999994        1235.9244403310649        1073271.3678307191     
   447916666.66666663        1020.3250053209317        894365.44718689495     
   452083333.33333331        839.74143558088667        742922.21001730347     
   456249999.99999994        688.94596247446293        615130.55752039922     
   460416666.66666663        563.41498601609408        507643.34648680518     
   464583333.33333331        459.24623547288195        417530.78426317801     
   468750000.00000000        373.08366433699456        342236.86394956516     
   472916666.66666663        302.04985240372162        279539.07521995611     
   477083333.33333331        243.68555476311903        227511.47716049405     
   481250000.00000000        195.89582627923090        184491.00990851966     
   485416666.66666663        156.90213978438891        149046.86162519045     
   489583333.33333331        125.19985021138855        119952.61585315110     
   493750000.00000000        99.520466157233940        96160.962712588458     
   497916666.66666669        78.798304526907899        76780.835294197983     
   502083333.33333331        62.141161426688733        61056.860668209993     
   506250000.00000000        48.804688195076210        48351.046850723425     
   510416666.66666669        38.170140614175338        38126.585520819586     
   514583333.33333331        29.725150272167095        29933.609247951510     
   518750000.00000000        23.047155030649932        23396.707586070035     
   522916666.66666669        17.789137058297474        18203.993985689933     
   527083333.33333331        13.667365213717147        14097.542284084524     
   531250000.00000000        10.450878342120486        10865.033300168658     
   535416666.66666669        7.9524927412719295        8332.4841927983434     
   539583333.33333337        6.0211605552080005        6357.9640783969035     
   543750000.00000000        4.5355161882058006        4826.2001801709484     
   547916666.66666663        3.3984689359230082        3643.9898713477264     
   552083333.33333325        2.5326999002443715        2736.3252594582923     
   556250000.00000000        1.8769328632548754        2043.1399577395787     
   560416666.66666663        1.3828593587010474        1516.5907929809882     
   564583333.33333337        1.0126074167426149        1118.7898648233158     
   568750000.00000000       0.73666298761445992        819.91650757805894     
   572916666.66666675       0.53216476682416425        596.64629908055497     
   577083333.33333325       0.38151132124049092        430.84925443150848     
   581250000.00000000       0.27122863166307970        308.51614062267828     
   585416666.66666663       0.19105696090965243        218.88063783374062     
   589583333.33333337       0.13322160959353527        153.70899380748989     
   593750000.00000000        9.1856945432291420E-002   106.73209677939377     
   597916666.66666663        6.2556417365738165E-002   73.196776436875766     
